00000000 0000
00000001 0000
00000010 0000
00000011 0000
00000100 0000
00000101 0000
00000110 0000
00000111 0000
00001000 0000
00001001 0000
00001010 0000
00001011 0000
00001100 0000
00001101 0000
00001110 0000
00001111 0000
00010000 0000
00010001 0000
00010010 0000
00010011 0000
00010100 0000
00010101 0000
00010110 0000
00010111 0000
00011000 0000
00011001 0000
00011010 0000
00011011 0000
00011100 0000
00011101 0000
00011110 0000
00011111 0000
00100000 0000
00100001 0000
00100010 0000
00100011 0000
00100100 0000
00100101 0000
00100110 0000
00100111 0000
00101000 0000
00101001 0000
00101010 0000
00101011 0000
00101100 0000
00101101 0000
00101110 0000
00101111 0000
00110000 0000
00110001 0000
00110010 0000
00110011 0000
00110100 0000
00110101 0000
00110110 0000
00110111 0000
00111000 0000
00111001 0000
00111010 0000
00111011 0000
00111100 0000
00111101 0000
00111110 0000
00111111 0000
01000000 0000
01000001 0000
01000010 0000
01000011 0000
01000100 0000
01000101 0000
01000110 0000
01000111 0000
01001000 0000
01001001 0000
01001010 0000
01001011 0000
01001100 0000
01001101 0000
01001110 0000
01001111 0000
01010000 0000
01010001 0000
01010010 0000
01010011 0000
01010100 0000
01010101 0000
01010110 0000
01010111 0000
01011000 0000
01011001 0000
01011010 0000
01011011 0000
01011100 0000
01011101 0000
01011110 0000
01011111 0000
01100000 0000
01100001 0000
01100010 0000
01100011 0000
01100100 0000
01100101 0000
01100110 0000
01100111 0000
01101000 0000
01101001 0000
01101010 0000
01101011 0000
01101100 0000
01101101 0000
01101110 0000
01101111 0000
01110000 0000
01110001 0000
01110010 0000
01110011 0000
01110100 0000
01110101 0000
01110110 0000
01110111 0000
01111000 0000
01111001 0000
01111010 0000
01111011 0000
01111100 0000
01111101 0000
01111110 0000
01111111 0000
10000000 0001
10000001 0001
10000010 0001
10000011 0001
10000100 0001
10000101 0001
10000110 0001
10000111 0001
10001000 0001
10001001 0001
10001010 0001
10001011 0001
10001100 0001
10001101 0001
10001110 0001
10001111 0001
10010000 0001
10010001 0001
10010010 0001
10010011 0001
10010100 0001
10010101 0001
10010110 0001
10010111 0001
10011000 0001
10011001 0001
10011010 0001
10011011 0001
10011100 0001
10011101 0001
10011110 0001
10011111 0001
10100000 0001
10100001 0001
10100010 0001
10100011 0001
10100100 0001
10100101 0001
10100110 0001
10100111 0001
10101000 0001
10101001 0001
10101010 0001
10101011 0001
10101100 0001
10101101 0001
10101110 0001
10101111 0001
10110000 0001
10110001 0001
10110010 0001
10110011 0001
10110100 0001
10110101 0001
10110110 0001
10110111 0001
10111000 0001
10111001 0001
10111010 0001
10111011 0001
10111100 0001
10111101 0001
10111110 0001
10111111 0001
11000000 0010
11000001 0010
11000010 0010
11000011 0010
11000100 0010
11000101 0010
11000110 0010
11000111 0010
11001000 0010
11001001 0010
11001010 0010
11001011 0010
11001100 0010
11001101 0010
11001110 0010
11001111 0010
11010000 0010
11010001 0010
11010010 0010
11010011 0010
11010100 0010
11010101 0010
11010110 0010
11010111 0010
11011000 0010
11011001 0010
11011010 0010
11011011 0010
11011100 0010
11011101 0010
11011110 0010
11011111 0010
11100000 0011
11100001 0011
11100010 0011
11100011 0011
11100100 0011
11100101 0011
11100110 0011
11100111 0011
11101000 0011
11101001 0011
11101010 0011
11101011 0011
11101100 0011
11101101 0011
11101110 0011
11101111 0011
11110000 0100
11110001 0100
11110010 0100
11110011 0100
11110100 0100
11110101 0100
11110110 0100
11110111 0100
11111000 0101
11111001 0101
11111010 0101
11111011 0101
11111100 0110
11111101 0110
11111110 0111
11111111 1000
